2025 7 7 15 33 | 2000001 | 借出 | 10000000 | 三体
2025 7 7 15 33 | 2000002 | 借出 | 10000100 | 活着
2025 7 7 15 33 | 2000002 | 归还 | 10000100 | 活着
2025 7 7 15 33 | 2000003 | 借出 | 10000200 | 百年孤独
2025 7 7 15 33 | 2000003 | 归还 | 10000200 | 百年孤独
2025 7 7 15 33 | 2000004 | 借出 | 10000300 | 小王子
2025 7 7 15 33 | 2000005 | 借出 | 10000400 | 人类简史
2025 7 7 15 33 | 2000005 | 归还 | 10000400 | 人类简史
2025 7 7 15 33 | 2000006 | 借出 | 10000500 | 时间简史
2025 7 7 15 33 | 2000006 | 归还 | 10000500 | 时间简史
2025 7 7 15 33 | 2000007 | 借出 | 10000600 | 1984
2025 7 7 15 33 | 2000008 | 借出 | 10000700 | 三体II：黑暗森林
2025 7 7 15 33 | 2000008 | 归还 | 10000700 | 三体II：黑暗森林
2025 7 7 15 33 | 2000009 | 借出 | 10000800 | 平凡的世界
2025 7 7 15 33 | 2000009 | 归还 | 10000800 | 平凡的世界
2025 7 7 15 33 | 2000010 | 借出 | 10000900 | 围城
2025 7 7 15 33 | 2000011 | 借出 | 10001000 | The Great Gatsby
2025 7 7 15 33 | 2000011 | 归还 | 10001000 | The Great Gatsby
2025 7 7 15 33 | 2000012 | 借出 | 10001100 | 深入理解计算机系统
2025 7 7 15 33 | 2000012 | 归还 | 10001100 | 深入理解计算机系统
2025 7 7 15 33 | 2000013 | 借出 | 10001200 | Effective Java
2025 7 7 15 33 | 2000014 | 借出 | 10001300 | Design Patterns
2025 7 7 15 33 | 2000014 | 归还 | 10001300 | Design Patterns
2025 7 7 15 33 | 2000015 | 借出 | 10001400 | 白夜行
2025 7 7 15 33 | 2000015 | 归还 | 10001400 | 白夜行
2025 7 7 15 33 | 2000016 | 借出 | 10001500 | Clean Architecture
2025 7 7 15 33 | 2000017 | 借出 | 10001600 | Python深度学习
2025 7 7 15 33 | 2000017 | 归还 | 10001600 | Python深度学习
2025 7 7 15 33 | 2000018 | 借出 | 10001700 | 解忧杂货店
2025 7 7 15 33 | 2000018 | 归还 | 10001700 | 解忧杂货店
2025 7 7 15 33 | 2000019 | 借出 | 10001800 | Introduction to Algorithms
2025 7 7 15 33 | 2000020 | 借出 | 10001900 | 云边有个小卖部
2025 7 7 15 33 | 2000020 | 归还 | 10001900 | 云边有个小卖部
2025 7 7 15 33 | 2000021 | 借出 | 10003001 | 撒哈拉的故事
2025 7 7 15 33 | 2000022 | 借出 | 10003101 | C++ Primer
2025 7 7 15 33 | 2000023 | 借出 | 10003201 | 恶意
2025 7 7 15 33 | 2000024 | 借出 | 10003301 | The Phoenix Project
2025 7 7 15 33 | 2000025 | 借出 | 10003401 | 乡土中国
2025 7 7 15 33 | 2000026 | 借出 | 10003501 | 黑客与画家
2025 7 7 15 33 | 2000027 | 借出 | 10003601 | 挪威的森林
2025 7 7 15 33 | 2000028 | 借出 | 10003701 | 代码整洁之道
2025 7 7 15 33 | 2000029 | 借出 | 10003801 | 人类群星闪耀时
2025 7 7 15 33 | 2000021 | 借出 | 10003901 | React设计原理
2025 7 7 15 33 | 2000001 | 借出 | 10000500 | 时间简史
2025 7 7 15 33 | 2000001 | 归还 | 10000500 | 时间简史
2025 7 7 15 33 | 2000002 | 借出 | 10000501 | 时间简史
2025 7 7 15 33 | 2000002 | 归还 | 10000501 | 时间简史
2025 7 7 15 33 | 2000003 | 借出 | 10000500 | 时间简史
2025 7 7 15 33 | 2000003 | 归还 | 10000500 | 时间简史
2025 7 7 15 33 | 2000004 | 借出 | 10000501 | 时间简史
2025 7 7 15 33 | 2000004 | 归还 | 10000501 | 时间简史
2025 7 7 15 33 | 2000005 | 借出 | 10000500 | 时间简史
2025 7 7 15 33 | 2000005 | 归还 | 10000500 | 时间简史
2025 7 7 15 33 | 2000006 | 借出 | 10000501 | 时间简史
2025 7 7 15 33 | 2000006 | 归还 | 10000501 | 时间简史
2025 7 7 15 33 | 2000007 | 借出 | 10000500 | 时间简史
2025 7 7 15 33 | 2000007 | 归还 | 10000500 | 时间简史
2025 7 7 15 33 | 2000008 | 借出 | 10000501 | 时间简史
2025 7 7 15 33 | 2000008 | 归还 | 10000501 | 时间简史
2025 7 7 15 33 | 2000007 | 归还 | 10000600 | 1984
2025 7 7 15 33 | 2000002 | 借出 | 10000601 | 1984
2025 7 7 15 33 | 2000002 | 归还 | 10000601 | 1984
2025 7 7 15 33 | 2000003 | 借出 | 10000600 | 1984
2025 7 7 15 33 | 2000003 | 归还 | 10000600 | 1984
2025 7 7 15 33 | 2000004 | 借出 | 10000601 | 1984
2025 7 7 15 33 | 2000004 | 归还 | 10000601 | 1984
2025 7 7 15 33 | 2000005 | 借出 | 10000600 | 1984
2025 7 7 15 33 | 2000005 | 归还 | 10000600 | 1984
2025 7 7 15 33 | 2000006 | 借出 | 10000601 | 1984
2025 7 7 15 33 | 2000006 | 归还 | 10000601 | 1984
2025 7 7 15 33 | 2000007 | 借出 | 10000600 | 1984
2025 7 7 15 33 | 2000007 | 归还 | 10000600 | 1984
2025 7 7 15 33 | 2000008 | 借出 | 10000601 | 1984
2025 7 7 15 33 | 2000008 | 归还 | 10000601 | 1984
2025 7 7 15 33 | 2000001 | 借出 | 10000700 | 三体II：黑暗森林
2025 7 7 15 33 | 2000001 | 归还 | 10000700 | 三体II：黑暗森林
2025 7 7 15 33 | 2000002 | 借出 | 10000701 | 三体II：黑暗森林
2025 7 7 15 33 | 2000002 | 归还 | 10000701 | 三体II：黑暗森林
2025 7 7 15 33 | 2000003 | 借出 | 10000700 | 三体II：黑暗森林
2025 7 7 15 33 | 2000003 | 归还 | 10000700 | 三体II：黑暗森林
2025 7 7 15 33 | 2000004 | 借出 | 10000701 | 三体II：黑暗森林
2025 7 7 15 33 | 2000004 | 归还 | 10000701 | 三体II：黑暗森林
2025 7 7 15 33 | 2000005 | 借出 | 10000700 | 三体II：黑暗森林
2025 7 7 15 33 | 2000005 | 归还 | 10000700 | 三体II：黑暗森林
2025 7 7 15 33 | 2000006 | 借出 | 10000701 | 三体II：黑暗森林
2025 7 7 15 33 | 2000006 | 归还 | 10000701 | 三体II：黑暗森林
2025 7 7 15 33 | 2000007 | 借出 | 10000700 | 三体II：黑暗森林
2025 7 7 15 33 | 2000007 | 归还 | 10000700 | 三体II：黑暗森林
2025 7 7 15 33 | 2000008 | 借出 | 10000701 | 三体II：黑暗森林
2025 7 7 15 33 | 2000008 | 归还 | 10000701 | 三体II：黑暗森林
2025 7 7 15 33 | 2000001 | 借出 | 10000800 | 平凡的世界
2025 7 7 15 33 | 2000001 | 归还 | 10000800 | 平凡的世界
2025 7 7 15 33 | 2000002 | 借出 | 10000801 | 平凡的世界
2025 7 7 15 33 | 2000002 | 归还 | 10000801 | 平凡的世界
2025 7 7 15 33 | 2000003 | 借出 | 10000800 | 平凡的世界
2025 7 7 15 33 | 2000003 | 归还 | 10000800 | 平凡的世界
2025 7 7 15 33 | 2000004 | 借出 | 10000801 | 平凡的世界
2025 7 7 15 33 | 2000004 | 归还 | 10000801 | 平凡的世界
2025 7 7 15 33 | 2000005 | 借出 | 10000800 | 平凡的世界
2025 7 7 15 33 | 2000005 | 归还 | 10000800 | 平凡的世界
2025 7 7 15 33 | 2000006 | 借出 | 10000801 | 平凡的世界
2025 7 7 15 33 | 2000006 | 归还 | 10000801 | 平凡的世界
2025 7 7 15 33 | 2000007 | 借出 | 10000800 | 平凡的世界
2025 7 7 15 33 | 2000007 | 归还 | 10000800 | 平凡的世界
2025 7 7 15 33 | 2000008 | 借出 | 10000801 | 平凡的世界
2025 7 7 15 33 | 2000008 | 归还 | 10000801 | 平凡的世界
2025 7 7 15 33 | 2000010 | 归还 | 10000900 | 围城
2025 7 7 15 33 | 2000002 | 借出 | 10000901 | 围城
2025 7 7 15 33 | 2000002 | 归还 | 10000901 | 围城
2025 7 7 15 33 | 2000003 | 借出 | 10000900 | 围城
2025 7 7 15 33 | 2000003 | 归还 | 10000900 | 围城
2025 7 7 15 33 | 2000004 | 借出 | 10000901 | 围城
2025 7 7 15 33 | 2000004 | 归还 | 10000901 | 围城
2025 7 7 15 33 | 2000005 | 借出 | 10000900 | 围城
2025 7 7 15 33 | 2000005 | 归还 | 10000900 | 围城
2025 7 7 15 33 | 2000006 | 借出 | 10000901 | 围城
2025 7 7 15 33 | 2000006 | 归还 | 10000901 | 围城
2025 7 7 15 33 | 2000007 | 借出 | 10000900 | 围城
2025 7 7 15 33 | 2000007 | 归还 | 10000900 | 围城
2025 7 7 15 33 | 2000008 | 借出 | 10000901 | 围城
2025 7 7 15 33 | 2000008 | 归还 | 10000901 | 围城
2025 7 7 15 33 | 2000012 | 借出 | 10001602 | Python深度学习
2025 7 7 15 33 | 2000013 | 借出 | 10001702 | 解忧杂货店
2025 7 7 15 33 | 2000014 | 借出 | 10001802 | Introduction to Algorithms
2025 7 7 15 33 | 2000015 | 借出 | 10001902 | 云边有个小卖部
2025 7 7 15 40 | 2000003 | 借出 | 10002001 | 沉默的大多数
2025 7 7 15 54 | 2000001 | 借出 | 10000501 | 时间简史
2025 7 9 16 5 | 2000031 | 借出 | 10006100 | 新书
2025 7 9 16 6 | 2000031 | 归还 | 10006100 | 新书
2025 7 9 16 8 | 2000012 | 归还 | 10001602 | Python深度学习
